24910830
34656798
9711215
1572988
44248506
14396645
31317499
18677701
24967776
7126968
32836582
43468438
27010063
26774439
22966732
35550186
39644122
45167026
34707003
16069556
29842380
38604797
32392089
13992630
35101268
23203535
20869572
20730379
37988740
49855414
49257439
37458792
12679
20729509
25046117
9997101
29296031
21552245
8166854
41021014
39730075
41127029
45960591
17315813
48374503
9117544
38054224
26258488
36896992
11677615
37594318
37743965
23468734
4944267
20540344
27837762
29475267
735564
39870460
13897818
17622741
35413105
20942849
33299102
5693068
8507905
18517396
3125969
18709022
17035952
22225836
43495555
26368872
49617064
25630854
22265650
20259370
49133856
42643170
4407874
19982490
9646556
25553145
45361991
21235794
39901113
42022212
46672399
9164904
46962833
4826164
48841852
723812
23162
11039666
740580
49061219
12717639
2772233
8569621
13499975
5800670
29501868
48260166
399962
3288013
45158413
48802171
9282910
1844161
2753877
6975727
21234368
15738975
13571936
21225551
23861212
14073879
43000674
42055354
3147902
23481238
11319248
15134874
44115613
36974971
22012882
32050218
29923127
46801215
3417640
46590899
19371027
19455191
11933588
16671540
36972385
26666819
31777871
30091201
26488575
41266686
41528554
4479901
2017803
44262934
30225655
28128878
47492677
3727474
48536615
13715083
34312257
27512316
39420697
18734919
14256270
42239613
25231007
47182927
33706969
24344703
41545942
31413495
46148527
2894598
44398829
6307784
46085274
29823764
25578935
656766
7481505
39279
31097299
37534766
47887144
19555160
8715708
11865411
25152180
31683652
38407881
34793006
16995249
48939378
37127743
22066729
2848526
3584974
30543568
19628679
41374711
34537947
5000051
10526637
26264723
44034549
10695388
28494851
19439468
32040284
20096696
25349952
17247240
9619980
259202
4834544
30772190
30756162
2657685
14136323
36833910
27628821
42662481
18668489
16648422
36815214
11021101
34639336
39975872
925071
9488607
15459944
2664669
49520402
42376553
29488276
43996819
27159383
49586290
36051542
45786541
34274365
16923786
7977889
28710289
19902781
43376090
25410348
7839047
39934489
41298912
35904322
13165392
29414407
40860744
6634840
6062984
33614506
48832435
21336342
26715532
35680667
19533258
49299046
959212
1201404
5496772
14907341
11426243
21884453
49077838
24774016
35931943
35266972
25057884
22079006
2347174
17866083
43906630
21461351
30330459
20186931
16296550
40082254
23582722
6766068
4353979
19118070
32270519
10393810
31778171
3017910
15104129
31014364
46721739
30784462
28452221
19791925
40519610
49089644
23308534
2677503
45498468
46419173
4359273
39448047
44354209
46613513
13016501
13842235
35727571
27578720
14668900
24737326
8047276
46900783
46207868
25948690
9365769
43368116
26504152
15351638
31712828
40474320
23753924
9559793
38771493
13112831
25584970
33797029
47170237
20339098
21114607
31138432
40179299
26910562
195637
31438583
16821540
10829913
20354164
38650067
31241851
32871825
32457177
2832451
35927218
38286402
25899494
46259923
10250474
35057955
23427869
37226156
22081940
5483960
45136016
44930554
47854064
48813489
42882452
27196522
20546887
27858279
44465558
29965774
26845864
38336616
42856109
21081097
1135403
265093
2932213
25579072
12019508
36882711
28171567
46330832
25989514
17063873
23011257
44348175
45175564
6799887
44230196
1421576
36245698
1410823
6215604
19698268
18041606
28756771
46916786
24384138
30418182
37332877
36487476
37899969
6251484
31493961
35992971
32244716
14483083
46248617
32215237
31306884
43668138
49057174
4060377
8995410
44416375
31146440
28800248
15134135
23131092
10252057
1628210
42001460
11164215
32699613
33701560
18096926
24164488
48095598
222802
27593521
5070374
13147669
35527936
45294845
15863815
26545140
16462236
13579299
1107761
9725530
31550448
46869634
28044054
27507970
564626
49682128
9781438
21571450
16097526
32189520
3830296
17627418
35445291
8350896
44148144
27852849
45426611
10763805
20585578
38117806
45662806
9699839
12050225
31774231
22661161
28236789
37635655
38364264
38294787
20305321
2666705
29451091
36081814
32620170
44016246
31834121
13647384
25737983
31134359
3391643
45404045
31779323
45009992
9769667
41849272
34749412
12010475
42648993
32355603
3786861
15953013
15914566
4777385
24491301
39505146
5916624
41305081
26564797
23706065
15998764
1343352
9467675
15778670
33759871
8481631
15515973
4357971
42621784
26282164
14524210
7413389
23519951
21296227
4108581
22961375
35065498
45599568
30354702
25824039
19978818
2701148
45401603
42352736
31839517
7735446
49507460
38570965
43603314
43972326
44189185
36367584
15150130
41936404
47000294
25162687
43560847
48947657
1254870
48369351
37711380
27396112
38713427
21896244
31917165
45593302
20415666
12667213
13483170
2840396
23825841
42994733
11186226
20622202
10028568
45097528
19455989
34742652
784634
15996732
27756648
16592540
31523233
8834465
30151729
16950572
33124570
9087208
31051834
1345512
21875742
11377655
35695279
36349386
43958931
51753
33443895
36020451
30561774
44441569
48191487
13053228
25257989
44211600
28423827
4540925
6516430
8440735
45229528
43121195
38218240
31564149
40122563
21613840
29662264
14220304
11938012
3549782
1552977
38461929
3618037
26841499
7099576
34536789
40788529
34774860
8204031
7469401
47334651
15563576
36502386
15482889
32767919
4129543
13653790
47124841
3654626
21889669
26136073
22235927
8278184
3214747
43054537
43141502
47329917
21037580
24410632
36219530
10575873
35203735
41433370
33865875
16765675
1374363
2005171
9771795
48701088
44111312
38833863
45254168
6954222
5865861
33863383
44780415
27316205
27173167
21938211
40955040
2453677
21498802
46362235
13492943
21075752
18277368
773962
47332133
47439343
31775616
36429433
45878880
31583823
42854780
30734810
29435816
22126202
17440940
19552293
37015472
7927224
25796002
47836442
8082244
34000223
14875229
29375907
21900552
45602899
13161485
6524374
9041612
6671516
7033036
10133312
3619816
19356439
30607518
37714295
48397160
30850829
19830453
20735625
9121404
5099319
49956773
32687580
16587943
31761292
31616487
17616356
27125638
31749642
30960624
44888657
47965854
21733390
18523579
29994063
8112241
42791917
38991775
10119922
17290902
24005583
36752985
23526244
25201735
12791072
41207910
5001239
20453389
24351783
35397549
38835687
23623506
6746222
43308120
43365726
29431869
30191321
41672902
34131019
48729987
49110273
20404648
14868293
24228374
15119778
39965534
33135024
9647554
10144970
23778224
19837882
46316144
37833834
39660471
45737373
30232133
33009209
25228506
34531792
1162307
47444284
7495289
10397123
7717093
1324115
44951605
13421470
572337
12605490
29723417
35484576
38187905
12682661
35348268
39518763
9970170
14808654
41952478
24165087
44487009
31683565
22306254
17643759
1401871
3896649
9653933
29580183
49293766
44443633
9697498
11103852
16863896
20466729
26061972
19626268
32926246
22172196
34920134
3621341
21688540
3095324
26896342
35563153
39929194
21397244
6655090
19694274
45086184
10204126
19383378
14143844
41963499
38772672
31939397
18404933
5499356
23875917
36357062
26740612
31422670
37448264
44976298
3529580
46724628
46764570
46985977
6036222
33886037
3337859
18009885
20702010
4188091
29727983
47327494
7332565
30675633
22843928
6260626
29172273
12703082
22146293
31404495
24065560
8476201
23074233
20146728
26604322
45921895
37876713
39479050
48174325
13427002
27350781
4888973
111439
28799955
36273304
22544261
42157067
6416637
587043
21966412
2593562
27037573
46030777
42578117
19201390
9634005
49287753
5433995
24084953
38286591
37842117
24760032
24258655
36226796
32788832
9508026
17377235
25184904
44986335
32573329
4491823
34057247
32295376
26203590
44450997
23942430
2725039
580373
14709017
22357577
15722394
26970297
3049506
11150385
17285979
33500591
11638642
43608978
23256296
41159065
23431554
3252412
21528850
15738371
47954108
18193317
26252212
30374783
16387381
7639577
6718300
24353561
15319901
1117416
30979631
43512623
3768963
35878191
8499171
32206140
44757288
19866133
44667395
45453239
14531589
6048363
10106782
13005206
28027793
5674292
8715290
22918116
21363867
12935055
1151777
16326745
31098286
7430126
2534000
26896132
1196562
26340787
35746323
28187646
10157566
27442255
9352392
41109692
30918002
31843412
25664876
5660345
32542961
44818296
29415126
13248933
33041061
16113961
18703693
9077016
49740415
18830607
25559762
49503299
26787886
19523675
7314896
20344608
35803428
20396068
37752930
5639287
4724692
6127405
39927865
32558138
2735207
9501169
10314719
1510190
38673540
40512586
21716951
33531134
11101404
32921139
45109063
32140177
45787489
2511776
8888608
32207598
31203907
24713641
4487817
48452425
15767498
12580646
22175536
13582682
35281481
21867006
12003375
8992718
22032702
10832785
48588905
14197981
702994
6373099
37893267
44874113
21938353
32955563
28978048
27768095
41979257
48323224
9810123
