24910830
34656798
9711215
1572988
44248506
14396645
31317499
18677701
24967776
7126968
32836582
43468438
27010063
26774439
22966732
35550186
39644122
45167026
34707003
16069556
29842380
38604797
32392089
13992630
35101268
23203535
20869572
20730379
37988740
49855414
49257439
37458792
12679
20729509
25046117
9997101
29296031
21552245
8166854
41021014
39730075
41127029
45960591
17315813
48374503
9117544
38054224
26258488
36896992
11677615
37594318
37743965
23468734
4944267
20540344
27837762
29475267
735564
39870460
13897818
17622741
35413105
20942849
33299102
5693068
8507905
18517396
3125969
18709022
17035952
22225836
43495555
26368872
49617064
25630854
22265650
20259370
49133856
42643170
4407874
19982490
9646556
25553145
45361991
21235794
39901113
42022212
46672399
9164904
46962833
4826164
48841852
723812
23162
11039666
740580
49061219
12717639
2772233
8569621
13499975
5800670
29501868
48260166
399962
3288013
45158413
48802171
9282910
1844161
2753877
6975727
21234368
15738975
13571936
21225551
23861212
14073879
43000674
42055354
3147902
23481238
11319248
15134874
44115613
36974971
22012882
32050218
29923127
46801215
3417640
46590899
19371027
19455191
11933588
16671540
36972385
26666819
31777871
30091201
26488575
41266686
41528554
4479901
2017803
44262934
30225655
28128878
47492677
3727474
48536615
13715083
34312257
27512316
39420697
18734919
14256270
42239613
25231007
47182927
33706969
24344703
41545942
31413495
46148527
2894598
44398829
6307784
46085274
29823764
25578935
656766
7481505
39279
31097299
37534766
47887144
19555160
8715708
11865411
25152180
31683652
38407881
34793006
16995249
48939378
37127743
22066729
2848526
3584974
30543568
19628679
41374711
34537947
5000051
10526637
26264723
44034549
10695388
28494851
19439468
32040284
20096696
25349952
17247240
9619980
259202
4834544
30772190
30756162
2657685
14136323
36833910
27628821
42662481
18668489
16648422
36815214
11021101
34639336
39975872
925071
9488607
15459944
2664669
49520402
42376553
29488276
43996819
27159383
49586290
36051542
45786541
34274365
16923786
7977889
28710289
19902781
43376090
25410348
7839047
39934489
41298912
35904322
13165392
29414407
40860744
6634840
6062984
33614506
48832435
21336342
26715532
35680667
19533258
49299046
959212
1201404
5496772
14907341
11426243
21884453
49077838
24774016
35931943
35266972
25057884
22079006
2347174
17866083
43906630
21461351
30330459
20186931
16296550
40082254
23582722
6766068
4353979
19118070
32270519
10393810
31778171
3017910
15104129
31014364
46721739
30784462
28452221
19791925
40519610
49089644
23308534
2677503
45498468
46419173
4359273
39448047
44354209
46613513
13016501
13842235
35727571
27578720
14668900
24737326
8047276
46900783
46207868
25948690
9365769
43368116
26504152
15351638
31712828
40474320
23753924
9559793
38771493
13112831
25584970
33797029
47170237
20339098
21114607
31138432
40179299
26910562
195637
31438583
16821540
10829913
20354164
38650067
31241851
32871825
32457177
2832451
35927218
38286402
25899494
46259923
10250474
35057955
23427869
37226156
22081940
5483960
45136016
44930554
47854064
48813489
42882452
27196522
20546887
27858279
44465558
29965774
26845864
38336616
42856109
21081097
1135403
265093
2932213
25579072
12019508
36882711
28171567
46330832
25989514
17063873
23011257
44348175
45175564
6799887
44230196
1421576
36245698
1410823
6215604
19698268
18041606
28756771
46916786
24384138
30418182
37332877
36487476
37899969
6251484
31493961
35992971
32244716
14483083
46248617
32215237
31306884
43668138
49057174
4060377
8995410
44416375
31146440
28800248
15134135
23131092
10252057
1628210
42001460
11164215
32699613
33701560
18096926
24164488
48095598
222802
27593521
5070374
13147669
35527936
45294845
15863815
26545140
16462236
13579299
1107761
9725530
31550448
46869634
28044054
27507970
564626
49682128
9781438
21571450
16097526
32189520
3830296
17627418
35445291
8350896
44148144
27852849
45426611
10763805
20585578
38117806
45662806
9699839
12050225
31774231
22661161
28236789
37635655
38364264
38294787
20305321
2666705
29451091
36081814
32620170
44016246
31834121
13647384
25737983
31134359
